ContrNo	DateTime	Lat	Lon	swDMS	DMSPaq	DMSPp	DMSPt	wdepth	sdepth	chl	SST	SAL	wspd	flag
233	2007	07	17 00	00	00	59.9269	-29.5717	13.8	-999	-999	-999.00	-999	5	-999	13.47	34.67	7.07	0
233	2007	07	17 06	09	00	61.1262	-27.7619	11.34	-999	-999	-999.00	-999	5	-999	12.51	33.71	5.67	0
233	2007	07	17 06	29	00	61.072	-27.8453	11.54	-999	-999	-999.00	-999	5	-999	12.62	33.72	5.59	0
233	2007	07	17 07	09	00	60.9653	-28.0086	10.04	-999	-999	-999.00	-999	5	-999	12.98	33.72	5.23	0
233	2007	07	17 07	29	00	60.9124	-28.0894	12.52	-999	-999	-999.00	-999	5	-999	12.9	33.71	5.18	0
233	2007	07	17 07	49	00	60.8588	-28.1713	6.3	-999	-999	-999.00	-999	5	-999	13.33	33.72	5.6	0
233	2007	07	17 08	09	00	60.8043	-28.2541	8.44	-999	-999	-999.00	-999	5	-999	12.75	33.73	6.35	0
233	2007	07	17 08	29	00	60.7515	-28.3345	8.96	-999	-999	-999.00	-999	5	-999	13.01	33.72	7.14	0
233	2007	07	17 08	49	00	60.699	-28.4143	9.08	-999	-999	-999.00	-999	5	-999	12.82	33.74	6.71	0
233	2007	07	17 09	09	00	60.6465	-28.494	10.42	-999	-999	-999.00	-999	5	-999	13.15	33.74	6.63	0
233	2007	07	17 09	35	00	60.5779	-28.5976	7.78	-999	-999	-999.00	-999	5	-999	13.18	33.8	7.35	0
233	2007	07	17 09	55	00	60.5242	-28.6788	4.72	-999	-999	-999.00	-999	5	-999	13.34	33.84	7.09	0
233	2007	07	17 10	15	00	60.4696	-28.7611	2.78	-999	-999	-999.00	-999	5	-999	13.6	34.15	6.57	0
233	2007	07	17 10	35	00	60.4141	-28.8446	4.92	-999	-999	-999.00	-999	5	-999	13.58	34.17	6.39	0
233	2007	07	17 11	15	00	60.3041	-29.0097	7.48	-999	-999	-999.00	-999	5	-999	13.21	34.11	7.87	0
233	2007	07	17 11	35	00	60.2515	-29.0884	12.49	-999	-999	-999.00	-999	5	-999	13.09	33.65	8.05	0
233	2007	07	17 11	55	00	60.1998	-29.1657	11.03	-999	-999	-999.00	-999	5	-999	13.42	33.41	8.04	0
233	2007	07	17 12	35	00	60.0955	-29.3212	10.11	-999	-999	-999.00	-999	5	-999	13.41	33.86	7.52	0
233	2007	07	17 12	55	00	60.0433	-29.399	10.23	-999	-999	-999.00	-999	5	-999	13.11	33.86	7.85	0
233	2007	07	17 13	15	00	59.9926	-29.4741	10.26	-999	-999	-999.00	-999	5	-999	13.3	34.57	7.63	0
233	2007	07	17 14	21	00	59.8282	-29.7176	11.43	-999	-999	-999.00	-999	5	-999	13.56	34.58	7.69	0
233	2007	07	17 14	41	00	59.7795	-29.7895	11.72	-999	-999	-999.00	-999	5	-999	13.49	34.84	7.98	0
233	2007	07	17 15	01	00	59.7314	-29.8604	13.77	-999	-999	-999.00	-999	5	-999	13.66	34.82	7.88	0
233	2007	07	17 15	21	00	59.6826	-29.9323	13.36	-999	-999	-999.00	-999	5	-999	13.7	34.93	8.37	0
233	2007	07	17 15	41	00	59.6334	-30.0044	10.89	-999	-999	-999.00	-999	5	-999	13.68	34.93	8.64	0
233	2007	07	17 16	01	00	59.5848	-30.0758	10.15	-999	-999	-999.00	-999	5	-999	13.3	34.95	8.21	0
233	2007	07	17 16	21	00	59.5372	-30.1455	9.78	-999	-999	-999.00	-999	5	-999	13.36	34.93	8.47	0
233	2007	07	17 16	41	00	59.4903	-30.2141	12.48	-999	-999	-999.00	-999	5	-999	13.6	35.02	8.69	0
233	2007	07	17 17	01	00	59.4438	-30.2821	13.53	-999	-999	-999.00	-999	5	-999	13.78	35	8.46	0
233	2007	07	17 17	21	00	59.396	-30.3519	13.53	-999	-999	-999.00	-999	5	-999	13.82	34.94	8.47	0
233	2007	07	17 18	08	00	59.287	-30.5106	5.91	-999	-999	-999.00	-999	5	-999	13.53	34.97	8.8	0
233	2007	07	17 19	28	00	59.1061	-30.7729	10.19	-999	-999	-999.00	-999	5	-999	14.03	34.99	10.04	0
233	2007	07	17 19	48	00	59.0626	-30.8357	9.25	-999	-999	-999.00	-999	5	-999	14.06	34.98	10.33	0
233	2007	07	17 20	08	00	59.019	-30.8987	7.33	-999	-999	-999.00	-999	5	-999	13.92	35.04	9.45	0
233	2007	07	17 21	54	00	58.7881	-31.2305	9.16	-999	-999	-999.00	-999	5	-999	13.74	34.97	6.76	0
233	2007	07	17 22	14	00	58.7414	-31.2973	8.34	-999	-999	-999.00	-999	5	-999	13.76	34.98	7.88	0
233	2007	07	17 22	34	00	58.6955	-31.3629	7.51	-999	-999	-999.00	-999	5	-999	13.66	34.97	7.36	0
233	2007	07	17 22	54	00	58.6492	-31.4291	6.68	-999	-999	-999.00	-999	5	-999	13.46	34.92	7.54	0
233	2007	07	17 23	14	00	58.6024	-31.4957	5.34	-999	-999	-999.00	-999	5	-999	13.54	34.93	7.52	0
233	2007	07	17 23	34	00	58.5553	-31.5628	6.05	-999	-999	-999.00	-999	5	-999	13.72	34.89	7.85	0
233	2007	07	17 23	54	00	58.5087	-31.629	7.06	-999	-999	-999.00	-999	5	-999	13.84	34.9	7.55	0
233	2007	07	18 00	14	00	58.4617	-31.6958	7.14	-999	-999	-999.00	-999	5	-999	13.92	34.92	7.53	0
233	2007	07	18 00	34	00	58.4138	-31.7636	7.71	-999	-999	-999.00	-999	5	-999	14	34.95	8.12	0
233	2007	07	18 00	54	00	58.3644	-31.8336	6.96	-999	-999	-999.00	-999	5	-999	13.82	34.99	7.6	0
233	2007	07	18 02	00	00	58.1987	-32.0675	3.99	-999	-999	-999.00	-999	5	-999	13.43	34.98	8.04	0
233	2007	07	18 02	20	00	58.1492	-32.1372	7	-999	-999	-999.00	-999	5	-999	13.59	34.99	8.44	0
233	2007	07	18 03	20	00	58.0016	-32.3445	5.28	-999	-999	-999.00	-999	5	-999	13.21	34.97	8.24	0
233	2007	07	18 05	20	00	57.6978	-32.7682	13.23	-999	-999	-999.00	-999	5	-999	12.74	34.91	3.33	0
233	2007	07	18 06	26	00	57.5281	-33.0032	9.11	-999	-999	-999.00	-999	5	-999	12.65	34.96	5.29	0
233	2007	07	18 07	26	00	57.3775	-33.2111	7.07	-999	-999	-999.00	-999	5	-999	12.45	34.94	8.26	0
233	2007	07	18 08	26	00	57.2257	-33.4195	8.24	-999	-999	-999.00	-999	5	-999	12.43	34.97	8.81	0
233	2007	07	18 09	06	00	57.1278	-33.5535	7.98	-999	-999	-999.00	-999	5	-999	12.57	34.95	8.99	0
233	2007	07	18 09	46	00	57.0297	-33.6875	8.01	-999	-999	-999.00	-999	5	-999	12.57	34.89	8.62	0
233	2007	07	18 10	12	00	56.9657	-33.7748	9.45	-999	-999	-999.00	-999	5	-999	12.63	34.88	8.63	0
233	2007	07	18 10	52	00	56.8669	-33.909	8.52	-999	-999	-999.00	-999	5	-999	12.45	34.86	8.66	0
233	2007	07	18 11	32	00	56.7746	-34.0518	7.3	-999	-999	-999.00	-999	5	-999	11.58	34.92	8.3	0
233	2007	07	18 11	52	00	56.734	-34.1348	6.54	-999	-999	-999.00	-999	5	-999	11.76	34.88	8.1	0
233	2007	07	18 12	12	00	56.6924	-34.2199	5.46	-999	-999	-999.00	-999	5	-999	12.13	34.9	7.45	0
233	2007	07	18 12	32	00	56.6503	-34.3056	6.94	-999	-999	-999.00	-999	5	-999	12.33	34.93	6.82	0
233	2007	07	18 12	52	00	56.6085	-34.3907	11.46	-999	-999	-999.00	-999	5	-999	11.92	34.92	6.83	0
233	2007	07	18 13	32	00	56.5251	-34.5604	12.4	-999	-999	-999.00	-999	5	-999	11.84	34.87	6.93	0
233	2007	07	18 14	18	00	56.4294	-34.7543	10.5	-999	-999	-999.00	-999	5	-999	11.66	34.9	6.31	0
233	2007	07	18 15	18	00	56.3022	-35.0145	11.69	-999	-999	-999.00	-999	5	-999	11.85	34.9	6.04	0
233	2007	07	18 15	38	00	56.2607	-35.1041	10.69	-999	-999	-999.00	-999	5	-999	11.91	34.9	7.15	0
233	2007	07	18 15	58	00	56.2144	-35.1857	8.87	-999	-999	-999.00	-999	5	-999	11.85	34.91	6.95	0
233	2007	07	18 15	58	00	56.3441	-34.9262	11.6	-999	-999	-999.00	-999	5	-999	11.65	34.89	6.1	0
233	2007	07	18 16	18	00	56.1696	-35.2679	9.18	-999	-999	-999.00	-999	5	-999	11.77	34.93	6.36	0
233	2007	07	18 16	38	00	56.1262	-35.3534	9.84	-999	-999	-999.00	-999	5	-999	11.8	34.9	6.23	0
233	2007	07	18 16	58	00	56.0825	-35.4408	16.26	-999	-999	-999.00	-999	5	-999	11.9	34.9	6.84	0
233	2007	07	18 17	38	00	55.9952	-35.6184	10.03	-999	-999	-999.00	-999	5	-999	11.69	34.91	6.25	0
233	2007	07	18 23	31	00	55.2225	-37.1643	7.95	-999	-999	-999.00	-999	5	-999	11.53	34.59	4.92	0
233	2007	07	19 00	00	00	54.6914	-38.1867	7.27	-999	-999	-999.00	-999	5	-999	10.94	34.51	6.46	0
233	2007	07	19 01	51	00	54.9194	-37.7531	7.18	-999	-999	-999.00	-999	5	-999	11.38	34.5	6.53	0
233	2007	07	19 02	11	00	54.8764	-37.8363	7.39	-999	-999	-999.00	-999	5	-999	11.17	34.48	6.95	0
233	2007	07	19 03	17	00	54.7344	-38.1056	7.12	-999	-999	-999.00	-999	5	-999	10.89	34.51	7.36	0
233	2007	07	19 03	37	00	54.8204	-37.9422	7.9	-999	-999	-999.00	-999	5	-999	11.06	34.52	7.2	0
233	2007	07	19 03	57	00	54.6476	-38.2679	7.19	-999	-999	-999.00	-999	5	-999	11.04	34.48	6.7	0
233	2007	07	19 04	17	00	54.6039	-38.3509	7.4	-999	-999	-999.00	-999	5	-999	11	34.46	6.27	0
233	2007	07	19 04	37	00	54.5613	-38.4351	6.79	-999	-999	-999.00	-999	5	-999	10.98	34.48	5.96	0
233	2007	07	19 04	57	00	54.5184	-38.5192	6.28	-999	-999	-999.00	-999	5	-999	10.58	34.47	5.48	0
233	2007	07	19 05	37	00	54.4317	-38.6884	5.67	-999	-999	-999.00	-999	5	-999	10.59	34.45	3.74	0
233	2007	07	19 07	23	00	54.2	-39.1441	6.06	-999	-999	-999.00	-999	5	-999	10.46	34.51	8.4	0
233	2007	07	19 07	43	00	54.1587	-39.2325	6.04	-999	-999	-999.00	-999	5	-999	10.51	34.5	8.99	0
233	2007	07	19 10	23	00	53.8197	-39.9079	3.5	-999	-999	-999.00	-999	5	-999	10.28	34.51	13.31	0
233	2007	07	19 10	49	00	53.7662	-40.0059	6.48	-999	-999	-999.00	-999	5	-999	10.5	34.46	11.3	0
233	2007	07	19 11	09	00	53.7255	-40.0789	6.11	-999	-999	-999.00	-999	5	-999	10.58	34.46	9.82	0
233	2007	07	19 11	29	00	53.6857	-40.1478	4.54	-999	-999	-999.00	-999	5	-999	10.48	34.41	7.61	0
233	2007	07	19 13	09	00	53.489	-40.4754	2.47	-999	-999	-999.00	-999	5	-999	11.43	34.49	7.58	0
233	2007	07	19 14	09	00	53.3925	-40.6782	3.41	-999	-999	-999.00	-999	5	-999	11.18	34.41	9.72	0
233	2007	07	19 15	15	00	53.1521	-41.1059	1.63	-999	-999	-999.00	-999	5	-999	11.19	34.43	11.11	0
233	2007	07	19 18	35	00	52.8646	-41.6321	1.85	-999	-999	-999.00	-999	5	-999	11.88	34.62	8.02	0
233	2007	07	19 19	21	00	52.7725	-41.8269	2.25	-999	-999	-999.00	-999	5	-999	12.33	34.59	7.64	0
233	2007	07	19 19	41	00	52.7317	-41.9088	2.26	-999	-999	-999.00	-999	5	-999	12.64	34.53	6.87	0
233	2007	07	19 20	21	00	52.6488	-42.0648	1.67	-999	-999	-999.00	-999	5	-999	12.48	34.58	6.24	0
233	2007	07	19 20	41	00	52.609	-42.1386	3.34	-999	-999	-999.00	-999	5	-999	12.41	34.57	5.33	0
233	2007	07	19 21	21	00	52.529	-42.2926	5.72	-999	-999	-999.00	-999	5	-999	12.65	34.59	4.98	0
233	2007	07	19 22	21	00	52.4111	-42.5204	4.99	-999	-999	-999.00	-999	5	-999	12.81	34.39	4.66	0
233	2007	07	19 23	08	00	52.3185	-42.6882	2.13	-999	-999	-999.00	-999	5	-999	12.7	34.44	4.09	0
233	2007	07	19 23	28	00	52.2793	-42.7585	2.71	-999	-999	-999.00	-999	5	-999	12.49	34.43	3.86	0
233	2007	07	19 23	48	00	52.2411	-42.8266	3.12	-999	-999	-999.00	-999	5	-999	12.05	34.45	3.71	0
233	2007	07	20 00	08	00	52.2021	-42.895	2.78	-999	-999	-999.00	-999	5	-999	11.88	34.44	3.58	0
233	2007	07	20 01	28	00	52.0401	-43.1699	3.39	-999	-999	-999.00	-999	5	-999	11.55	34.46	2.38	0
233	2007	07	20 01	48	00	51.9967	-43.2383	3.22	-999	-999	-999.00	-999	5	-999	11.77	34.5	2.33	0
233	2007	07	20 02	08	00	51.9521	-43.3057	3.01	-999	-999	-999.00	-999	5	-999	11.74	34.46	1.9	0
233	2007	07	20 03	34	00	51.7714	-43.6178	3.15	-999	-999	-999.00	-999	5	-999	12.99	34.49	2.84	0
233	2007	07	20 03	54	00	51.73	-43.689	3.06	-999	-999	-999.00	-999	5	-999	13.92	34.45	3.33	0
233	2007	07	20 04	14	00	51.6932	-43.7631	3.91	-999	-999	-999.00	-999	5	-999	14.16	34.47	3.44	0
233	2007	07	20 05	54	00	51.5091	-44.1361	2.46	-999	-999	-999.00	-999	5	-999	14.58	34.45	1.76	0
233	2007	07	20 07	20	00	51.3377	-44.4503	2.61	-999	-999	-999.00	-999	5	-999	14.53	34.41	4.54	0
233	2007	07	20 08	00	00	51.255	-44.6085	2.49	-999	-999	-999.00	-999	5	-999	14.16	34.39	5.06	0
233	2007	07	20 08	20	00	51.2143	-44.6892	3.04	-999	-999	-999.00	-999	5	-999	14.14	34.36	5.8	0
233	2007	07	20 08	40	00	51.1702	-44.7696	3.71	-999	-999	-999.00	-999	5	-999	14.11	34.36	5.45	0
233	2007	07	20 09	40	00	51.0414	-45.0182	3.78	-999	-999	-999.00	-999	5	-999	14.34	34.39	3.41	0
233	2007	07	20 10	20	00	50.9509	-45.1623	3.79	-999	-999	-999.00	-999	5	-999	12.99	34.41	3.85	0
233	2007	07	20 10	40	00	50.9041	-45.2295	3.52	-999	-999	-999.00	-999	5	-999	13.61	34.39	4.62	0
233	2007	07	20 12	06	00	50.7288	-45.5469	4.15	-999	-999	-999.00	-999	5	-999	12.76	34.47	5.35	0
233	2007	07	20 12	46	00	50.6418	-45.6809	3.46	-999	-999	-999.00	-999	5	-999	11.32	34.42	5.5	0
233	2007	07	20 13	26	00	50.5623	-45.8086	3.51	-999	-999	-999.00	-999	5	-999	11.83	34.45	6.41	0
233	2007	07	20 14	26	00	50.4487	-46.0098	3.4	-999	-999	-999.00	-999	5	-999	11.38	34.47	6	0
233	2007	07	20 14	46	00	50.4111	-46.0802	3.33	-999	-999	-999.00	-999	5	-999	11.34	34.44	6.65	0
233	2007	07	20 15	06	00	50.3714	-46.1513	3.21	-999	-999	-999.00	-999	5	-999	11.2	34.44	6.72	0
233	2007	07	20 19	38	00	49.909	-46.976	4.5	-999	-999	-999.00	-999	5	-999	11.86	34.59	9.46	0
233	2007	07	20 19	58	00	49.8723	-47.0364	4.41	-999	-999	-999.00	-999	5	-999	11.97	34.54	9.11	0
233	2007	07	20 20	58	00	49.7701	-47.2148	4.45	-999	-999	-999.00	-999	5	-999	11.51	34.51	8.44	0
233	2007	07	20 21	38	00	49.7091	-47.3193	4.77	-999	-999	-999.00	-999	5	-999	11.73	34.78	9.21	0
233	2007	07	20 21	58	00	49.6794	-47.3695	4.52	-999	-999	-999.00	-999	5	-999	11.6	34.83	9.79	0
233	2007	07	20 23	18	00	49.5555	-47.5735	4.22	-999	-999	-999.00	-999	5	-999	11.31	34.52	10.31	0
233	2007	07	20 23	45	00	49.512	-47.6433	3.82	-999	-999	-999.00	-999	5	-999	11.22	34.37	10.35	0
233	2007	07	21 00	28	00	49.4478	-47.7498	3.71	-999	-999	-999.00	-999	5	-999	11.01	34.21	9.66	0
233	2007	07	21 00	45	00	49.4156	-47.8022	3.61	-999	-999	-999.00	-999	5	-999	11.02	34.21	9.4	0
233	2007	07	21 01	45	00	49.3248	-47.9635	4.12	-999	-999	-999.00	-999	5	-999	11.04	34.26	9.71	0
233	2007	07	21 03	28	00	49.1713	-48.23	3.14	-999	-999	-999.00	-999	5	-999	10.96	34.39	9.34	0
233	2007	07	21 03	51	00	49.1288	-48.3007	2.87	-999	-999	-999.00	-999	5	-999	10.95	34.8	10.05	0
233	2007	07	21 04	11	00	49.0964	-48.3544	2.67	-999	-999	-999.00	-999	5	-999	10.95	35.01	9.92	0
233	2007	07	21 04	31	00	49.0669	-48.4062	2.5	-999	-999	-999.00	-999	5	-999	10.95	34.95	9.62	0
233	2007	07	21 04	51	00	49.039	-48.46	2.57	-999	-999	-999.00	-999	5	-999	10.94	35.33	9.53	0
233	2007	07	21 05	51	00	48.9447	-48.6312	2.76	-999	-999	-999.00	-999	5	-999	10.95	35.3	9.51	0
233	2007	07	21 06	11	00	48.9105	-48.6879	2.61	-999	-999	-999.00	-999	5	-999	10.84	35.35	10.07	0
233	2007	07	21 06	31	00	48.8785	-48.7433	2.4	-999	-999	-999.00	-999	5	-999	10.78	35.41	10.37	0
233	2007	07	21 06	51	00	48.8479	-48.7963	2.03	-999	-999	-999.00	-999	5	-999	10.69	35.32	10.3	0
233	2007	07	21 07	11	00	48.8177	-48.8474	1.86	-999	-999	-999.00	-999	5	-999	10.79	35.3	10.49	0
233	2007	07	21 07	31	00	48.7883	-48.8985	1.86	-999	-999	-999.00	-999	5	-999	10.84	35.26	10.48	0
233	2007	07	21 08	17	00	48.7184	-49.0147	1.78	-999	-999	-999.00	-999	5	-999	10.12	35.12	10.2	0
233	2007	07	21 08	57	00	48.6572	-49.1172	1.67	-999	-999	-999.00	-999	5	-999	9.86	35.12	10.43	0
233	2007	07	21 09	17	00	48.6264	-49.1705	1.3	-999	-999	-999.00	-999	5	-999	9.37	35.22	10.49	0
233	2007	07	21 09	37	00	48.5961	-49.2225	1.18	-999	-999	-999.00	-999	5	-999	9.06	34.57	9.97	0
233	2007	07	21 09	57	00	48.5653	-49.276	1.13	-999	-999	-999.00	-999	5	-999	8.85	34.44	10.19	0
233	2007	07	21 10	17	00	48.5344	-49.3297	1.03	-999	-999	-999.00	-999	5	-999	8.62	34.47	9.57	0
233	2007	07	21 10	57	00	48.4695	-49.4343	0.94	-999	-999	-999.00	-999	5	-999	8.9	34.97	10.07	0
233	2007	07	21 12	43	00	48.3474	-49.7506	1.14	-999	-999	-999.00	-999	5	-999	9.25	34.22	9.76	0
233	2007	07	21 14	23	00	48.1761	-49.9828	0.87	-999	-999	-999.00	-999	5	-999	10.09	34.25	11.01	0
233	2007	07	21 20	35	00	47.6014	-50.8854	1.09	-999	-999	-999.00	-999	5	-999	11.48	34.01	7.32	0
233	2007	07	21 20	55	00	47.5742	-50.9312	1.09	-999	-999	-999.00	-999	5	-999	11.41	34.02	6.82	0
233	2007	07	21 21	35	00	47.5071	-51.0468	1.32	-999	-999	-999.00	-999	5	-999	11.12	33.98	6.64	0
233	2007	07	21 21	55	00	47.4654	-51.116	1.07	-999	-999	-999.00	-999	5	-999	11.28	33.96	7.19	0
233	2007	07	21 22	15	00	47.4241	-51.1851	1.31	-999	-999	-999.00	-999	5	-999	11.47	33.96	5.77	0
233	2007	07	22 00	22	00	47.1528	-51.6325	1.01	-999	-999	-999.00	-999	5	-999	11.47	33.84	4.83	0
233	2007	07	22 00	42	00	47.1094	-51.7069	1.01	-999	-999	-999.00	-999	5	-999	11.71	33.91	5.18	0
233	2007	07	22 01	22	00	47.0231	-51.8501	0.92	-999	-999	-999.00	-999	5	-999	11.67	33.88	5.83	0
233	2007	07	22 07	08	00	46.3041	-53.0452	1.31	-999	-999	-999.00	-999	5	-999	8.44	33.23	5.96	0
233	2007	07	22 07	28	00	46.279	-53.1296	1.97	-999	-999	-999.00	-999	5	-999	8.88	33.13	5.08	0
233	2007	07	22 08	54	00	46.1806	-53.489	1.53	-999	-999	-999.00	-999	5	-999	10.63	32.33	5.91	0
233	2007	07	22 09	14	00	46.1566	-53.5714	1.48	-999	-999	-999.00	-999	5	-999	10.86	32.34	5.24	0
233	2007	07	22 09	34	00	46.1316	-53.654	1.69	-999	-999	-999.00	-999	5	-999	10.96	32.32	5.33	0
233	2007	07	22 09	54	00	46.1077	-53.7372	1.4	-999	-999	-999.00	-999	5	-999	10.8	32.31	5.55	0
233	2007	07	22 10	14	00	46.0834	-53.8214	1.49	-999	-999	-999.00	-999	5	-999	10.6	32.28	5.62	0
233	2007	07	22 10	34	00	46.0593	-53.9043	1.39	-999	-999	-999.00	-999	5	-999	10.7	32.31	5.32	0
233	2007	07	22 11	34	00	45.9837	-54.1616	2.62	-999	-999	-999.00	-999	5	-999	12.6	32	2.74	0
233	2007	07	22 11	54	00	45.9604	-54.249	2.55	-999	-999	-999.00	-999	5	-999	12.93	31.5	2.13	0
233	2007	07	22 13	40	00	45.8343	-54.7128	2.51	-999	-999	-999.00	-999	5	-999	12.73	31.31	3.36	0
233	2007	07	22 14	00	00	45.8099	-54.8019	2.49	-999	-999	-999.00	-999	5	-999	12.77	31.2	3.35	0
233	2007	07	22 14	40	00	45.7611	-54.9796	2.33	-999	-999	-999.00	-999	5	-999	12.67	31.21	4.33	0
233	2007	07	22 15	20	00	45.7105	-55.1547	2.17	-999	-999	-999.00	-999	5	-999	12.26	31.32	4.42	0
233	2007	07	22 15	40	00	45.686	-55.243	2.26	-999	-999	-999.00	-999	5	-999	12.6	31.51	4.36	0
233	2007	07	22 16	00	00	45.6626	-55.3318	2.31	-999	-999	-999.00	-999	5	-999	13.47	31.53	4.65	0
233	2007	07	22 16	20	00	45.6394	-55.42	2.17	-999	-999	-999.00	-999	5	-999	13.9	31.45	4	0
233	2007	07	22 16	46	00	45.6078	-55.5329	2.08	-999	-999	-999.00	-999	5	-999	13.98	31.39	4.23	0
233	2007	07	22 17	06	00	45.5819	-55.6188	1.88	-999	-999	-999.00	-999	5	-999	13.87	31.38	4.15	0
233	2007	07	22 17	26	00	45.5563	-55.7048	1.64	-999	-999	-999.00	-999	5	-999	13.97	31.35	3.92	0
233	2007	07	22 17	46	00	45.5303	-55.7911	1.47	-999	-999	-999.00	-999	5	-999	14.19	31.32	3.75	0
233	2007	07	22 18	06	00	45.5034	-55.8763	1.35	-999	-999	-999.00	-999	5	-999	14.25	31.34	3.9	0
233	2007	07	22 18	26	00	45.4774	-55.9602	1.25	-999	-999	-999.00	-999	5	-999	14.76	31.36	3.41	0
233	2007	07	22 18	46	00	45.4514	-56.0443	1.31	-999	-999	-999.00	-999	5	-999	14.81	31.32	2.89	0
233	2007	07	22 19	46	00	45.3805	-56.3006	2.26	-999	-999	-999.00	-999	5	-999	14.63	31.17	2.34	0
233	2007	07	22 21	32	00	45.2555	-56.7523	1.67	-999	-999	-999.00	-999	5	-999	14.95	31.17	2.65	0
233	2007	07	22 22	12	00	45.2074	-56.9237	2.29	-999	-999	-999.00	-999	5	-999	14.9	31.12	2.31	0
233	2007	07	22 23	12	00	45.1343	-57.1816	2.02	-999	-999	-999.00	-999	5	-999	14.87	30.78	2.32	0
233	2007	07	22 23	32	00	45.1111	-57.2656	2.26	-999	-999	-999.00	-999	5	-999	14.98	30.8	2.73	0
233	2007	07	23 01	18	00	44.9822	-57.711	3.59	-999	-999	-999.00	-999	5	-999	14.67	30.63	6.04	0
233	2007	07	23 01	58	00	44.9343	-57.8832	4.38	-999	-999	-999.00	-999	5	-999	14.51	30.92	5.33	0
233	2007	07	23 02	18	00	44.9097	-57.9697	4.53	-999	-999	-999.00	-999	5	-999	14.76	31.35	6	0
233	2007	07	23 02	38	00	44.885	-58.0566	4.21	-999	-999	-999.00	-999	5	-999	14.54	31.28	6.39	0
233	2007	07	23 04	18	00	44.7584	-58.4952	2.91	-999	-999	-999.00	-999	5	-999	14.57	30.87	4.16	0
233	2007	07	23 04	38	00	44.7325	-58.5842	2.69	-999	-999	-999.00	-999	5	-999	14.6	30.91	4.79	0
233	2007	07	23 05	45	00	44.6477	-58.8775	2.31	-999	-999	-999.00	-999	5	-999	14.9	31.33	5.58	0
233	2007	07	23 07	25	00	44.5181	-59.3199	2.03	-999	-999	-999.00	-999	5	-999	14.83	31.22	2.77	0
233	2007	07	23 07	45	00	44.4924	-59.4074	1.76	-999	-999	-999.00	-999	5	-999	13.47	31.17	2.21	0
233	2007	07	23 08	05	00	44.466	-59.4942	1.97	-999	-999	-999.00	-999	5	-999	14.54	31.2	3.43	0
233	2007	07	23 09	51	00	44.3298	-59.9657	1.41	-999	-999	-999.00	-999	5	-999	16.03	31.14	5.31	0
233	2007	07	23 11	00	00	49.48	-47.6966	3.69	-999	-999	-999.00	-999	5	-999	11.09	34.25	9.96	0
233	2007	07	23 11	51	00	44.2048	-60.4997	1.94	-999	-999	-999.00	-999	5	-999	16.26	31.69	4.87	0
233	2007	07	23 12	11	00	44.1774	-60.5842	1.75	-999	-999	-999.00	-999	5	-999	16.52	31.69	5.38	0
233	2007	07	23 12	31	00	44.1492	-60.6676	1.93	-999	-999	-999.00	-999	5	-999	16.52	31.64	5.94	0
233	2007	07	23 12	51	00	44.1215	-60.7533	1.37	-999	-999	-999.00	-999	5	-999	16.46	31.67	5.62	0
233	2007	07	23 13	17	00	44.0878	-60.8642	1.52	-999	-999	-999.00	-999	5	-999	16.64	31.62	6.17	0
233	2007	07	23 13	37	00	44.0614	-60.9488	1.83	-999	-999	-999.00	-999	5	-999	16.75	31.67	5.63	0
233	2007	07	23 14	57	00	43.9561	-61.2801	1.07	-999	-999	-999.00	-999	5	-999	16.92	31.55	5.64	0
233	2007	07	23 15	17	00	43.9304	-61.3605	1.09	-999	-999	-999.00	-999	5	-999	16.99	31.45	5.6	0
233	2007	07	23 15	37	00	43.9055	-61.4408	1.14	-999	-999	-999.00	-999	5	-999	17.12	31.59	5.02	0
233	2007	07	23 16	37	00	43.8299	-61.6812	1.48	-999	-999	-999.00	-999	5	-999	17.36	31.7	4.34	0
233	2007	07	23 20	23	00	43.5481	-62.6313	2.72	-999	-999	-999.00	-999	5	-999	16.94	31.29	2.65	0
233	2007	07	24 03	44	00	43.0046	-64.4808	2.32	-999	-999	-999.00	-999	5	-999	14.6	30.36	4.78	0
233	2007	07	24 04	04	00	42.9812	-64.5633	2.75	-999	-999	-999.00	-999	5	-999	14.54	30.43	4.66	0
233	2007	07	24 04	44	00	42.9366	-64.733	2.5	-999	-999	-999.00	-999	5	-999	16.17	30.53	5.81	0
233	2007	07	24 05	11	00	42.9068	-64.8496	2.4	-999	-999	-999.00	-999	5	-999	16.59	30.51	5.76	0
